X	Y		
1	4.12282361e-11		
2	4.605750503e-11		
2	-1e+250		
3	1.302436213e-13		
3	-1e+250		
4	4.999999912e-15		
4	-1e+250		
5	1.915446934e-14		
5	-1e+250		
6	1.141722994e-14		
6	-1e+250		
7	4.999999912e-15		
7	-1e+250		
8	1.526690287e-13		
8	-1e+250		
9	4.999999912e-15		
9	-1e+250		
10	4.999999912e-15		
10	-1e+250		
11	4.999999912e-15		
11	-1e+250		
12	1.973279396e-12		
12	-1e+250		
13	5.282397241e-13		
13	-1e+250		
14	5.063598412e-12		
14	-1e+250		
15	3.35472275e-12		
15	-1e+250		
16	3.831065326e-11		
16	-1e+250		
17	3.65128261e-10		
17	-1e+250		
18	1.338052225e-09		
18	-1e+250		
19	2.568167727e-11		
19	-1e+250		
20	3.043047151e-12		
20	-1e+250		
21	9.011061754e-14		
21	-1e+250		
22	2.669348575e-13		
22	-1e+250		
23	4.999999912e-15		
23	-1e+250		
24	1.305581348e-13		
24	-1e+250		
25	4.066455018e-13		
25	-1e+250		
26	1.625119202e-12		
26	-1e+250		
27	2.823620894e-12		
27	-1e+250		
28	8.203290824e-11		
28	-1e+250		
29	5.638340923e-12		
29	-1e+250		
30	1.96823135e-12		
30	-1e+250		
31	7.275208539e-13		
31	-1e+250		
32	1.234078638e-11		
32	-1e+250		
33	1.914181297e-13		
33	-1e+250		
34	1.814792484e-13		
34	-1e+250		
35	7.617729825e-14		
35	-1e+250		
36	3.513839881e-13		
36	-1e+250		
37	3.015637056e-13		
37	-1e+250		
38	5.551942369e-13		
38	-1e+250		
39	1.999133064e-12		
39	-1e+250		
40	1.31487475e-12		
40	-1e+250		
41	2.062917979e-12		
41	-1e+250		
42	1.143271675e-12		
42	-1e+250		
43	1.069608811e-11		
43	-1e+250		
44	1.763924076e-11		
44	-1e+250		
45	1.772409801e-12		
45	-1e+250		
46	3.872395297e-13		
46	-1e+250		
47	8.042333211e-14		
47	-1e+250		
48	1.040753922e-13		
48	-1e+250		
49	8.319113763e-14		
49	-1e+250		
50	6.753416186e-13		
50	-1e+250		
51	1.302860055e-12		
51	-1e+250		
52	3.196801818e-13		
52	-1e+250		
53	2.970975245e-13		
53	-1e+250		
54	1.435478933e-13		
54	-1e+250		
55	7.426493773e-13		
55	-1e+250		
56	3.754449551e-13		
56	-1e+250		
57	7.509841273e-13		
57	-1e+250		
58	3.237060956e-13		
58	-1e+250		
59	2.646388425e-13		
59	-1e+250		
60	1.568207234e-13		
60	-1e+250		
61	1.722008359e-13		
61	-1e+250		
62	1.277589146e-13		
62	-1e+250		
63	2.510514854e-13		
63	-1e+250		
64	1.193611724e-13		
64	-1e+250		
65	3.856039836e-13		
65	-1e+250		
66	3.846289877e-13		
66	-1e+250		
67	2.83981958e-13		
67	-1e+250		
68	1.632055087e-13		
68	-1e+250		
69	2.581911464e-13		
69	-1e+250		
70	1.755033429e-13		
70	-1e+250		
71	2.899578635e-13		
71	-1e+250		
72	8.520408093e-14		
72	-1e+250		
73	8.551859443e-14		
73	-1e+250		
74	1.375090769e-13		
74	-1e+250		
75	1.209652224e-13		
75	-1e+250		
76	1.358421161e-13		
76	-1e+250		
77	9.092672904e-13		
77	-1e+250		
78	3.968638569e-13		
78	-1e+250		
79	1.547763382e-13		
79	-1e+250		
80	3.959839726e-14		
80	-1e+250		
81	9.879142453e-14		
81	-1e+250		
82	6.328189925e-14		
82	-1e+250		
83	1.089819424e-13		
83	-1e+250		
84	1.034778071e-13		
84	-1e+250		
85	1.21437013e-13		
85	-1e+250		
86	3.88435486e-14		
86	-1e+250		
87	3.881209319e-14		
87	-1e+250		
88	5.252600807e-15		
88	-1e+250		
89	6.532629797e-14		
89	-1e+250		
90	1.604070338e-14		
90	-1e+250		
91	2.267389564e-13		
91	-1e+250		
92	3.381119373e-14		
92	-1e+250		
93	4.70525718e-14		
93	-1e+250		
94	4.846791642e-14		
94	-1e+250		
95	6.856586696e-14		
95	-1e+250		
96	3.783707695e-14		
96	-1e+250		
97	3.554106201e-14		
97	-1e+250		
98	2.626266311e-14		
98	-1e+250		
99	4.510253255e-14		
99	-1e+250		
100	8.963959945e-15		
100	-1e+250		
101	2.645137866e-14		
101	-1e+250		
102	4.661223325e-14		
102	-1e+250		
103	9.879142453e-14		
103	-1e+250		
104	3.598139378e-14		
104	-1e+250		
105	2.524983261e-13		
105	-1e+250		
106	1.773912133e-14		
106	-1e+250		
107	2.881029427e-14		
107	-1e+250		
108	1.110270967e-14		
108	-1e+250		
109	2.579088439e-14		
109	-1e+250		
110	2.616831041e-14		
110	-1e+250		
111	1.68899132e-14		
111	-1e+250		
112	1.528585133e-14		
112	-1e+250		
113	1.9814967e-14		
113	-1e+250		
114	4.999999912e-15		
114	-1e+250		
115	7.548535364e-14		
115	-1e+250		
116	2.519329079e-14		
116	-1e+250		
117	1.181030642e-13		
117	-1e+250		
118	8.086367405e-14		
118	-1e+250		
119	2.808689425e-14		
119	-1e+250		
120	3.947258915e-14		
120	-1e+250		
121	5.143378128e-13		
121	-1e+250		
122	5.507287606e-14		
122	-1e+250		
123	8.995413667e-15		
123	-1e+250		
124	4.999999912e-15		
124	-1e+250		
125	1.619796521e-14		
125	-1e+250		
126	4.999999912e-15		
126	-1e+250		
127	4.999999912e-15		
127	-1e+250		
128	5.048085295e-14		
128	-1e+250		
129	5.238992833e-13		
129	-1e+250		
130	8.863236886e-14		
130	-1e+250		
131	3.883403473e-13		
131	-1e+250		
132	5.32171258e-13		
132	-1e+250		
133	5.000984588e-15		
133	-1e+250		
134	1.939657744e-13		
134	-1e+250		
135	1.780202708e-14		
135	-1e+250		
136	2.222727211e-13		
136	-1e+250		
137	7.359898078e-15		
137	-1e+250		
138	4.999999912e-15		
138	-1e+250		
140	4.999999912e-15		
140	-1e+250		
141	9.498646952e-15		
141	-1e+250		
142	7.265540302e-15		
142	-1e+250		
143	7.988942014e-15		
143	-1e+250		
144	1.075673398e-14		
144	-1e+250		
145	1.251805768e-14		
145	-1e+250		
146	1.431083171e-14		
146	-1e+250		
147	1.402776346e-14		
147	-1e+250		
148	1.519149356e-14		
148	-1e+250		
149	1.946899131e-14		
149	-1e+250		
150	1.081963973e-14		
150	-1e+250		
151	1.129142183e-14		
151	-1e+250		
152	1.742459936e-14		
152	-1e+250		
153	1.506568714e-14		
153	-1e+250		
154	5.850192292e-15		
154	-1e+250		
155	4.999999912e-15		
155	-1e+250		
156	1.321000567e-14		
156	-1e+250		
157	1.069382992e-14		
157	-1e+250		
158	5.189695905e-15		
158	-1e+250		
159	1.220353571e-14		
159	-1e+250		
160	4.999999912e-15		
160	-1e+250		
161	4.999999912e-15		
161	-1e+250		
162	1.544311147e-14		
162	-1e+250		
163	1.459390334e-14		
163	-1e+250		
164	8.397820064e-15		
164	-1e+250		
165	1.997222713e-14		
165	-1e+250		
166	3.311924574e-14		
166	-1e+250		
167	2.978531389e-14		
167	-1e+250		
168	7.737324101e-15		
168	-1e+250		
169	1.824235716e-14		
169	-1e+250		
170	1.314710161e-14		
170	-1e+250		
171	4.999999912e-15		
171	-1e+250		
172	7.328444356e-15		
172	-1e+250		
173	4.999999912e-15		
173	-1e+250		
174	4.999999912e-15		
174	-1e+250		
175	1.000188363e-14		
175	-1e+250		
176	4.999999912e-15		
176	-1e+250		
177	4.999999912e-15		
177	-1e+250		
178	4.999999912e-15		
178	-1e+250		
179	2.352632656e-14		
179	-1e+250		
180	5.913096347e-15		
180	-1e+250		
181	4.999999912e-15		
181	-1e+250		
182	2.038110518e-14		
182	-1e+250		
183	1.478261551e-14		
183	-1e+250		
184	1.06623779e-14		
184	-1e+250		
185	2.009803524e-14		
185	-1e+250		
186	4.999999912e-15		
186	-1e+250		
187	1.651248548e-14		
187	-1e+250		
188	4.999999912e-15		
188	-1e+250		
189	4.999999912e-15		
189	-1e+250		
190	6.41633175e-15		
190	-1e+250		
191	5.221149203e-15		
191	-1e+250		
192	4.999999912e-15		
192	-1e+250		
193	1.468825942e-14		
193	-1e+250		
194	7.04537611e-15		
194	-1e+250		
195	4.999999912e-15		
195	-1e+250		
196	8.020394041e-15		
196	-1e+250		
197	1.298983978e-14		
197	-1e+250		
198	5.913096347e-15		
198	-1e+250		
199	9.152672957e-15		
199	-1e+250		

